accuracy: 0.9404799002804611
precision: 0.8692547121615637
recall: 0.7645718743337213
f1: 0.7968404228114407
