accuracy: 0.9348565115159069
precision: 0.930617667306018
recall: 0.8431805140442652
f1: 0.8802350260944692
